<?xml version="1.0"?>
<opencv_storage>
<calibration_time>"Thu 19 Jan 2023 11:42:52 PM CST"</calibration_time>
<nr_of_frames>2</nr_of_frames>
<image_width>1024</image_width>
<image_height>576</image_height>
<board_width>11</board_width>
<board_height>7</board_height>
<square_size>30.</square_size>
<fix_aspect_ratio>1.</fix_aspect_ratio>
<!-- flags: +use_intrinsic_guess +fix_aspectRatio +fix_principal_point +zero_tangent_dist +fix_k1 +fix_k2 +fix_k3 +fix_k4 +fix_k5 -->
<flags>6383</flags>
<fisheye_model>0</fisheye_model>
<camera_matrix type_id="opencv-matrix">
  <rows>3</rows>
  <cols>3</cols>
  <dt>d</dt>
  <data>
    9.9999999999999978e-01 0. 0. 0. 9.9999999999999978e-01 0. 0. 0. 1.</data></camera_matrix>
<distortion_coefficients type_id="opencv-matrix">
  <rows>5</rows>
  <cols>1</cols>
  <dt>d</dt>
  <data>
    0. 0. 0. 0. 0.</data></distortion_coefficients>
<avg_reprojection_error>2.9310588141769184e-01</avg_reprojection_error>
<per_view_reprojection_errors type_id="opencv-matrix">
  <rows>2</rows>
  <cols>1</cols>
  <dt>f</dt>
  <data>
    2.90328801e-01 2.95856893e-01</data></per_view_reprojection_errors>
<!-- a set of 6-tuples (rotation vector + translation vector) for each view -->
<extrinsic_parameters type_id="opencv-matrix">
  <rows>2</rows>
  <cols>6</cols>
  <dt>d</dt>
  <data>
    -1.1590471264347315e-05 -2.5573697418629487e-05
    2.0322518846092791e-02 2.7286608302581516e+02 7.6438935309793152e+01
    7.3137988458066894e-01 -1.3513472645210960e-05
    -2.6977362008008967e-05 -2.1915379220151687e-01
    2.8436023638742074e+02 1.2770470813781446e+02 7.3260734808462780e-01</data></extrinsic_parameters>
<image_points type_id="opencv-matrix">
  <rows>2</rows>
  <cols>77</cols>
  <dt>"2f"</dt>
  <data>
    3.72657349e+02 1.04257690e+02 4.13530457e+02 1.05135307e+02
    4.54109741e+02 1.05727280e+02 4.94546875e+02 1.06834747e+02
    5.34853210e+02 1.07447433e+02 5.75288208e+02 1.08184792e+02
    6.15451294e+02 1.08910301e+02 6.55546326e+02 1.09570023e+02
    6.95484009e+02 1.10490189e+02 7.35218567e+02 1.11291550e+02
    7.74596191e+02 1.12192032e+02 3.72156616e+02 1.45598740e+02
    4.12837219e+02 1.45815689e+02 4.53486389e+02 1.47186920e+02
    4.93943085e+02 1.47518723e+02 5.34422729e+02 1.48528915e+02
    5.74595459e+02 1.48869827e+02 6.14843933e+02 1.49772491e+02
    6.55100891e+02 1.50468750e+02 6.94966858e+02 1.50835892e+02
    7.34700928e+02 1.52103302e+02 7.74363281e+02 1.52431107e+02
    3.71429596e+02 1.86712631e+02 4.12334290e+02 1.87385223e+02
    4.52800385e+02 1.88079575e+02 4.93438263e+02 1.88756393e+02
    5.33785156e+02 1.89314346e+02 5.74222595e+02 1.90365433e+02
    6.14472534e+02 1.90519638e+02 6.54526611e+02 1.91373459e+02
    6.94531067e+02 1.92047028e+02 7.34383179e+02 1.92505234e+02
    7.73914307e+02 1.93441635e+02 3.70690125e+02 2.27689499e+02
    4.11591461e+02 2.28569626e+02 4.52320892e+02 2.28836456e+02
    4.92733704e+02 2.29708527e+02 5.33337280e+02 2.30415146e+02
    5.73528320e+02 2.30580643e+02 6.13835571e+02 2.31592407e+02
    6.54186401e+02 2.32008286e+02 6.94044678e+02 2.32467972e+02
    7.33727844e+02 2.33468399e+02 7.73488342e+02 2.33573013e+02
    3.70185760e+02 2.68836365e+02 4.11058258e+02 2.69558899e+02
    4.51608063e+02 2.70353241e+02 4.92332092e+02 2.70508850e+02
    5.32623840e+02 2.71294922e+02 5.73094482e+02 2.71823334e+02
    6.13387024e+02 2.72154785e+02 6.53520752e+02 2.72903015e+02
    6.93537598e+02 2.73493073e+02 7.33422119e+02 2.73617249e+02
    7.72960083e+02 2.74432800e+02 3.69501312e+02 3.10416138e+02
    4.10435699e+02 3.10749359e+02 4.51081818e+02 3.11480133e+02
    4.91644348e+02 3.11806274e+02 5.32278809e+02 3.12071747e+02
    5.72541138e+02 3.12973419e+02 6.12785767e+02 3.13464935e+02
    6.53020874e+02 3.13552124e+02 6.93097961e+02 3.14293243e+02
    7.32707092e+02 3.14902039e+02 7.72518433e+02 3.15131439e+02
    3.68752014e+02 3.51765533e+02 4.09843445e+02 3.51994415e+02
    4.50494751e+02 3.52556824e+02 4.91231537e+02 3.53282990e+02
    5.31596130e+02 3.53470886e+02 5.72088379e+02 3.53593994e+02
    6.12377075e+02 3.54403778e+02 6.52537354e+02 3.54845886e+02
    6.92529541e+02 3.55044556e+02 7.32355957e+02 3.55327271e+02
    7.72095337e+02 3.55808167e+02 3.87395142e+02 1.73948242e+02
    4.27261841e+02 1.65086975e+02 4.66650238e+02 1.55984833e+02
    5.06227295e+02 1.47114243e+02 5.45412354e+02 1.38019363e+02
    5.84625305e+02 1.28923752e+02 6.23760864e+02 1.20088020e+02
    6.62800415e+02 1.11085426e+02 7.01619629e+02 1.02225655e+02
    7.40280884e+02 9.34912033e+01 7.78551697e+02 8.47540054e+01
    3.96672424e+02 2.14302063e+02 4.36397552e+02 2.05112228e+02
    4.75901428e+02 1.96032990e+02 5.15310547e+02 1.87080322e+02
    5.54597107e+02 1.78010803e+02 5.93716003e+02 1.68834106e+02
    6.32950867e+02 1.59775040e+02 6.71890137e+02 1.50744125e+02
    7.10763367e+02 1.41796875e+02 7.49400757e+02 1.33051666e+02
    7.87705078e+02 1.24345299e+02 4.05787933e+02 2.54583313e+02
    4.45639404e+02 2.45366730e+02 4.85132141e+02 2.36257019e+02
    5.24529297e+02 2.27162140e+02 5.63695129e+02 2.17923691e+02
    6.03001099e+02 2.08830627e+02 6.42246887e+02 1.99727219e+02
    6.81180603e+02 1.90680725e+02 7.19897400e+02 1.81666412e+02
    7.58565735e+02 1.72791779e+02 7.96848633e+02 1.63790161e+02
    4.15104858e+02 2.94621002e+02 4.54725250e+02 2.85387665e+02
    4.94330475e+02 2.76150726e+02 5.33598755e+02 2.66977356e+02
    5.72866089e+02 2.57768677e+02 6.11947754e+02 2.48562088e+02
    6.51305786e+02 2.39466492e+02 6.90299988e+02 2.30375595e+02
    7.29069885e+02 2.21342850e+02 7.67591797e+02 2.12371841e+02
    8.06077454e+02 2.03292374e+02 4.24271210e+02 3.34715546e+02
    4.63980408e+02 3.25450958e+02 5.03411041e+02 3.16187897e+02
    5.42787292e+02 3.06873199e+02 5.82031250e+02 2.97584625e+02
    6.21313782e+02 2.88509338e+02 6.60370850e+02 2.79377045e+02
    6.99350281e+02 2.70052094e+02 7.38125610e+02 2.60844757e+02
    7.76673157e+02 2.51852798e+02 8.14993958e+02 2.42759995e+02
    4.33529419e+02 3.75096497e+02 4.73225128e+02 3.65623108e+02
    5.12622192e+02 3.56296539e+02 5.52009033e+02 3.46891541e+02
    5.91284058e+02 3.37589050e+02 6.30378113e+02 3.28400055e+02
    6.69511169e+02 3.19222992e+02 7.08500488e+02 3.09898499e+02
    7.47288574e+02 3.00670105e+02 7.85605042e+02 2.91534332e+02
    8.24169556e+02 2.82373901e+02 4.42661926e+02 4.15392303e+02
    4.82450348e+02 4.05696198e+02 5.21749695e+02 3.96443512e+02
    5.61265442e+02 3.86961700e+02 6.00436096e+02 3.77521851e+02
    6.39582153e+02 3.68371216e+02 6.78603821e+02 3.58939362e+02
    7.17591187e+02 3.49610809e+02 7.56336060e+02 3.40423218e+02
    7.94652100e+02 3.31289490e+02 8.33035034e+02 3.21831299e+02</data></image_points>
<grid_points>
  0. 0. 0. 30. 0. 0. 60. 0. 0. 90. 0. 0. 120. 0. 0. 150. 0. 0. 180. 0.
  0. 210. 0. 0. 240. 0. 0. 270. 0. 0. 300. 0. 0. 0. 30. 0. 30. 30. 0.
  60. 30. 0. 90. 30. 0. 120. 30. 0. 150. 30. 0. 180. 30. 0. 210. 30. 0.
  240. 30. 0. 270. 30. 0. 300. 30. 0. 0. 60. 0. 30. 60. 0. 60. 60. 0.
  90. 60. 0. 120. 60. 0. 150. 60. 0. 180. 60. 0. 210. 60. 0. 240. 60. 0.
  270. 60. 0. 300. 60. 0. 0. 90. 0. 30. 90. 0. 60. 90. 0. 90. 90. 0.
  120. 90. 0. 150. 90. 0. 180. 90. 0. 210. 90. 0. 240. 90. 0. 270. 90.
  0. 300. 90. 0. 0. 120. 0. 30. 120. 0. 60. 120. 0. 90. 120. 0. 120.
  120. 0. 150. 120. 0. 180. 120. 0. 210. 120. 0. 240. 120. 0. 270. 120.
  0. 300. 120. 0. 0. 150. 0. 30. 150. 0. 60. 150. 0. 90. 150. 0. 120.
  150. 0. 150. 150. 0. 180. 150. 0. 210. 150. 0. 240. 150. 0. 270. 150.
  0. 300. 150. 0. 0. 180. 0. 30. 180. 0. 60. 180. 0. 90. 180. 0. 120.
  180. 0. 150. 180. 0. 180. 180. 0. 210. 180. 0. 240. 180. 0. 270. 180.
  0. 300. 180. 0.</grid_points>
</opencv_storage>
