<?xml version="1.0"?>
<opencv_storage>
<calibration_time>"Sun 05 Feb 2023 08:52:51 PM CST"</calibration_time>
<nr_of_frames>2</nr_of_frames>
<image_width>640</image_width>
<image_height>480</image_height>
<board_width>9</board_width>
<board_height>6</board_height>
<square_size>2.1999999880790710e-02</square_size>
<fix_aspect_ratio>1.</fix_aspect_ratio>
<!-- flags: +fix_aspectRatio +fix_principal_point +zero_tangent_dist +fix_k1 +fix_k2 +fix_k3 +fix_k4 +fix_k5 -->
<flags>6382</flags>
<fisheye_model>0</fisheye_model>
<camera_matrix type_id="opencv-matrix">
  <rows>3</rows>
  <cols>3</cols>
  <dt>d</dt>
  <data>
    8.1693158749215195e+02 0. 3.1950000000000000e+02 0.
    8.1693158749215195e+02 2.3950000000000000e+02 0. 0. 1.</data></camera_matrix>
<distortion_coefficients type_id="opencv-matrix">
  <rows>5</rows>
  <cols>1</cols>
  <dt>d</dt>
  <data>
    0. 0. 0. 0. 0.</data></distortion_coefficients>
<avg_reprojection_error>1.7702257311831698e-01</avg_reprojection_error>
<per_view_reprojection_errors type_id="opencv-matrix">
  <rows>2</rows>
  <cols>1</cols>
  <dt>f</dt>
  <data>
    1.93244815e-01 1.59155339e-01</data></per_view_reprojection_errors>
<!-- a set of 6-tuples (rotation vector + translation vector) for each view -->
<extrinsic_parameters type_id="opencv-matrix">
  <rows>2</rows>
  <cols>6</cols>
  <dt>d</dt>
  <data>
    6.4742531775985296e-02 4.7354779262907820e-02
    -3.1109869784915804e-02 1.2057253125276491e-02
    -7.2865416912960366e-03 7.1232696456842692e-01
    1.0048640463469924e-01 1.8960143697018078e-01
    -2.7516866134440824e-02 4.0269921657597518e-02
    -1.0192126160957897e-01 7.0675119751242121e-01</data></extrinsic_parameters>
<image_points type_id="opencv-matrix">
  <rows>2</rows>
  <cols>54</cols>
  <dt>"2f"</dt>
  <data>
    3.33493622e+02 2.31227295e+02 3.58623322e+02 2.30451889e+02
    3.83828827e+02 2.29551575e+02 4.09394989e+02 2.28770554e+02
    4.34743683e+02 2.27927490e+02 4.60367218e+02 2.27273926e+02
    4.86211395e+02 2.26486603e+02 5.11807709e+02 2.25587326e+02
    5.37711304e+02 2.24832870e+02 3.34341949e+02 2.56324249e+02
    3.59455139e+02 2.55708649e+02 3.84481049e+02 2.54795227e+02
    4.09828552e+02 2.53922958e+02 4.35350128e+02 2.53309586e+02
    4.60813782e+02 2.52660873e+02 4.86543884e+02 2.51738907e+02
    5.11823242e+02 2.50953766e+02 5.38010193e+02 2.50450531e+02
    3.35171265e+02 2.81358032e+02 3.60339569e+02 2.80480164e+02
    3.85080231e+02 2.79617401e+02 4.10561462e+02 2.79245605e+02
    4.35756805e+02 2.78500183e+02 4.61322327e+02 2.77640839e+02
    4.86805786e+02 2.77152435e+02 5.12633118e+02 2.76442261e+02
    5.38404663e+02 2.75692871e+02 3.35762665e+02 3.06467102e+02
    3.60825226e+02 3.05679535e+02 3.86039154e+02 3.05178619e+02
    4.11262787e+02 3.04446808e+02 4.36446899e+02 3.03689972e+02
    4.61666473e+02 3.03151917e+02 4.87436096e+02 3.02480072e+02
    5.12958191e+02 3.01722382e+02 5.38586060e+02 3.01255005e+02
    3.36681610e+02 3.31311432e+02 3.61577118e+02 3.30528595e+02
    3.86577637e+02 3.29784363e+02 4.11787445e+02 3.29334045e+02
    4.37046814e+02 3.28576508e+02 4.62326660e+02 3.28065857e+02
    4.87845276e+02 3.27498474e+02 5.13377380e+02 3.26845917e+02
    5.39055542e+02 3.26401001e+02 3.37516602e+02 3.55897125e+02
    3.62389709e+02 3.55371460e+02 3.87389984e+02 3.54660248e+02
    4.12528870e+02 3.54160797e+02 4.37606720e+02 3.53521057e+02
    4.62820862e+02 3.53155670e+02 4.88338135e+02 3.52440918e+02
    5.13723572e+02 3.51791626e+02 5.39333008e+02 3.51322021e+02
    3.66137817e+02 1.21528877e+02 3.91480652e+02 1.20414917e+02
    4.17158386e+02 1.19318001e+02 4.43274506e+02 1.18093857e+02
    4.69424500e+02 1.16934067e+02 4.96106659e+02 1.15662140e+02
    5.23204285e+02 1.14501945e+02 5.50404358e+02 1.13307976e+02
    5.77866028e+02 1.12109619e+02 3.66836823e+02 1.47272369e+02
    3.92245056e+02 1.46339661e+02 4.17653259e+02 1.45296585e+02
    4.43680969e+02 1.44219727e+02 4.69844543e+02 1.43208633e+02
    4.96478973e+02 1.42139465e+02 5.23458679e+02 1.41155334e+02
    5.50590332e+02 1.39852173e+02 5.78073181e+02 1.38913864e+02
    3.67764343e+02 1.72596085e+02 3.92848236e+02 1.71723190e+02
    4.18374634e+02 1.70918198e+02 4.44321381e+02 1.70003799e+02
    4.70396729e+02 1.69264679e+02 4.96783264e+02 1.68337128e+02
    5.23680664e+02 1.67455368e+02 5.50776489e+02 1.66490143e+02
    5.78258118e+02 1.65528275e+02 3.68501099e+02 1.98046677e+02
    3.93612640e+02 1.97384552e+02 4.18987488e+02 1.96613373e+02
    4.44627319e+02 1.95619858e+02 4.70812500e+02 1.94918411e+02
    4.97219940e+02 1.94332153e+02 5.24119080e+02 1.93556183e+02
    5.51157532e+02 1.92956741e+02 5.78467224e+02 1.92281723e+02
    3.69300537e+02 2.23285736e+02 3.94321838e+02 2.22562515e+02
    4.19588165e+02 2.22129456e+02 4.45473175e+02 2.21201004e+02
    4.71515717e+02 2.21108459e+02 4.97392609e+02 2.20516983e+02
    5.24442932e+02 2.19682846e+02 5.51398804e+02 2.19156479e+02
    5.78532837e+02 2.18560364e+02 3.70184326e+02 2.48216476e+02
    3.94973633e+02 2.47685699e+02 4.20331116e+02 2.47354553e+02
    4.45816010e+02 2.46786072e+02 4.72107849e+02 2.46314224e+02
    4.97842377e+02 2.45705963e+02 5.24664429e+02 2.45525772e+02
    5.51557251e+02 2.45262878e+02 5.78676392e+02 2.44601578e+02</data></image_points>
<grid_points>
  0. 0. 0. 2.19999999e-02 0. 0. 4.39999998e-02 0. 0. 6.59999996e-02 0.
  0. 8.79999995e-02 0. 0. 1.09999999e-01 0. 0. 1.31999999e-01 0. 0.
  1.53999999e-01 0. 0. 1.75999999e-01 0. 0. 0. 2.19999999e-02 0.
  2.19999999e-02 2.19999999e-02 0. 4.39999998e-02 2.19999999e-02 0.
  6.59999996e-02 2.19999999e-02 0. 8.79999995e-02 2.19999999e-02 0.
  1.09999999e-01 2.19999999e-02 0. 1.31999999e-01 2.19999999e-02 0.
  1.53999999e-01 2.19999999e-02 0. 1.75999999e-01 2.19999999e-02 0. 0.
  4.39999998e-02 0. 2.19999999e-02 4.39999998e-02 0. 4.39999998e-02
  4.39999998e-02 0. 6.59999996e-02 4.39999998e-02 0. 8.79999995e-02
  4.39999998e-02 0. 1.09999999e-01 4.39999998e-02 0. 1.31999999e-01
  4.39999998e-02 0. 1.53999999e-01 4.39999998e-02 0. 1.75999999e-01
  4.39999998e-02 0. 0. 6.59999996e-02 0. 2.19999999e-02 6.59999996e-02
  0. 4.39999998e-02 6.59999996e-02 0. 6.59999996e-02 6.59999996e-02 0.
  8.79999995e-02 6.59999996e-02 0. 1.09999999e-01 6.59999996e-02 0.
  1.31999999e-01 6.59999996e-02 0. 1.53999999e-01 6.59999996e-02 0.
  1.75999999e-01 6.59999996e-02 0. 0. 8.79999995e-02 0. 2.19999999e-02
  8.79999995e-02 0. 4.39999998e-02 8.79999995e-02 0. 6.59999996e-02
  8.79999995e-02 0. 8.79999995e-02 8.79999995e-02 0. 1.09999999e-01
  8.79999995e-02 0. 1.31999999e-01 8.79999995e-02 0. 1.53999999e-01
  8.79999995e-02 0. 1.75999999e-01 8.79999995e-02 0. 0. 1.09999999e-01
  0. 2.19999999e-02 1.09999999e-01 0. 4.39999998e-02 1.09999999e-01 0.
  6.59999996e-02 1.09999999e-01 0. 8.79999995e-02 1.09999999e-01 0.
  1.09999999e-01 1.09999999e-01 0. 1.31999999e-01 1.09999999e-01 0.
  1.53999999e-01 1.09999999e-01 0. 1.75999999e-01 1.09999999e-01 0.</grid_points>
</opencv_storage>
