<?xml version="1.0"?>
<opencv_storage>
<calibration_time>"Mon 06 Feb 2023 12:02:06 AM CST"</calibration_time>
<nr_of_frames>2</nr_of_frames>
<image_width>270</image_width>
<image_height>180</image_height>
<board_width>9</board_width>
<board_height>6</board_height>
<square_size>2.4229999631643295e-02</square_size>
<fix_aspect_ratio>1.</fix_aspect_ratio>
<!-- flags: +fix_aspectRatio +fix_principal_point +zero_tangent_dist +fix_k1 +fix_k2 +fix_k3 +fix_k4 +fix_k5 -->
<flags>6382</flags>
<fisheye_model>0</fisheye_model>
<camera_matrix type_id="opencv-matrix">
  <rows>3</rows>
  <cols>3</cols>
  <dt>d</dt>
  <data>
    3.5802496738855501e+02 0. 1.3450000000000000e+02 0.
    3.5802496738855501e+02 8.9500000000000000e+01 0. 0. 1.</data></camera_matrix>
<distortion_coefficients type_id="opencv-matrix">
  <rows>5</rows>
  <cols>1</cols>
  <dt>d</dt>
  <data>
    0. 0. 0. 0. 0.</data></distortion_coefficients>
<avg_reprojection_error>5.5712675131502190e+00</avg_reprojection_error>
<per_view_reprojection_errors type_id="opencv-matrix">
  <rows>2</rows>
  <cols>1</cols>
  <dt>f</dt>
  <data>
    4.27048779e+00 6.62125206e+00</data></per_view_reprojection_errors>
<!-- a set of 6-tuples (rotation vector + translation vector) for each view -->
<extrinsic_parameters type_id="opencv-matrix">
  <rows>2</rows>
  <cols>6</cols>
  <dt>d</dt>
  <data>
    -2.8079725030463892e-01 4.7202094652415799e-01
    5.2409328997479653e-02 -1.1433165841260823e-01
    -5.7136074238428758e-02 5.8681468085029653e-01
    1.5138212852674880e-02 -6.7175032982411920e-01
    8.1517845293321720e-02 -1.1718932047960509e-01
    -4.7336378827007419e-02 5.9120591637247843e-01</data></extrinsic_parameters>
<image_points type_id="opencv-matrix">
  <rows>2</rows>
  <cols>54</cols>
  <dt>"2f"</dt>
  <data>
    6.40695801e+01 5.30521240e+01 8.94529495e+01 5.21180878e+01
    8.94530182e+01 5.21180458e+01 1.00061584e+02 5.39609604e+01
    1.12268730e+02 5.38596268e+01 1.25668785e+02 5.22385063e+01
    1.45045288e+02 5.10873680e+01 1.58749985e+02 4.98558235e+01
    1.73496765e+02 4.87066002e+01 7.51815948e+01 6.37315292e+01
    7.51816025e+01 6.37315407e+01 8.71231461e+01 6.21616135e+01
    9.83735580e+01 6.21917992e+01 1.10310822e+02 6.76170120e+01
    1.23692688e+02 6.60833435e+01 1.43740799e+02 6.52393265e+01
    1.58107208e+02 6.42391663e+01 1.73230499e+02 6.32958679e+01
    6.06968346e+01 8.35736389e+01 7.00203629e+01 8.30180969e+01
    8.26874924e+01 8.25663605e+01 9.44391251e+01 8.21548233e+01
    1.07698196e+02 8.15524826e+01 1.28191605e+02 8.07640839e+01
    1.42445694e+02 8.02943802e+01 1.57324280e+02 7.94578476e+01
    1.72579834e+02 7.86744232e+01 6.67076645e+01 9.75664215e+01
    6.67078629e+01 9.75664139e+01 7.91179886e+01 9.74918594e+01
    9.15581970e+01 9.69330902e+01 1.10841263e+02 9.67541046e+01
    1.26416252e+02 9.64892502e+01 1.40950241e+02 9.60716934e+01
    1.56357239e+02 9.57300568e+01 1.72446548e+02 9.54334869e+01
    5.27836151e+01 1.13410652e+02 6.26088676e+01 1.13194450e+02
    7.56009064e+01 1.13094963e+02 8.84265594e+01 1.13421257e+02
    1.09530350e+02 1.13282616e+02 1.24296883e+02 1.13171791e+02
    1.39462128e+02 1.13296730e+02 1.55416168e+02 1.13326981e+02
    1.72020554e+02 1.13398201e+02 5.83940163e+01 1.29624344e+02
    5.83943062e+01 1.29624329e+02 7.15014420e+01 1.29801224e+02
    9.18894043e+01 1.30384094e+02 1.06757210e+02 1.30795486e+02
    1.21976700e+02 1.31315125e+02 1.37719482e+02 1.31473679e+02
    1.54230331e+02 1.32194977e+02 1.71481155e+02 1.32674515e+02
    6.76796112e+01 7.21846466e+01 8.03418274e+01 6.23338623e+01
    9.14043655e+01 7.44880905e+01 1.03172035e+02 6.53066330e+01
    1.02826035e+02 7.51708984e+01 1.13699989e+02 6.89818954e+01
    1.35755203e+02 7.80010376e+01 1.45921051e+02 7.01218796e+01
    1.45707520e+02 7.88443604e+01 6.76800919e+01 7.21848602e+01
    7.99609985e+01 7.36071930e+01 7.99613266e+01 7.36072540e+01
    1.02825989e+02 7.51707993e+01 1.13728195e+02 7.63663025e+01
    1.25209145e+02 7.73386002e+01 1.35754898e+02 7.80014267e+01
    1.35754822e+02 7.80016098e+01 1.45707443e+02 7.88447952e+01
    6.55146408e+01 9.12175598e+01 7.76871643e+01 9.19456253e+01
    7.76870804e+01 9.19455795e+01 9.03008728e+01 8.66738358e+01
    1.13507515e+02 8.83586884e+01 1.13507515e+02 8.83586960e+01
    1.36089981e+02 9.04437714e+01 1.46438812e+02 9.11917496e+01
    1.46438797e+02 9.11917801e+01 6.34902725e+01 1.04816788e+02
    7.61971893e+01 1.05569221e+02 8.83233795e+01 1.06439537e+02
    1.01146431e+02 1.07098419e+02 1.01146538e+02 1.07098442e+02
    1.23655220e+02 1.08512733e+02 1.23655304e+02 1.08512733e+02
    1.46499695e+02 1.09939049e+02 1.46499695e+02 1.09939064e+02
    5.44505196e+01 1.18763069e+02 6.76569748e+01 1.19436287e+02
    8.77305756e+01 1.20479233e+02 9.96588440e+01 1.20643379e+02
    9.96591797e+01 1.20643364e+02 1.23673470e+02 1.21937813e+02
    1.23673637e+02 1.21937820e+02 1.46571930e+02 1.22975945e+02
    1.46571915e+02 1.22975922e+02 5.23258057e+01 1.33784714e+02
    6.58027802e+01 1.34296402e+02 7.91543655e+01 1.34599731e+02
    9.15593414e+01 1.35153137e+02 9.84613037e+01 1.35323456e+02
    1.24203522e+02 1.36222702e+02 1.24203629e+02 1.36222717e+02
    1.46507965e+02 1.37192566e+02 1.46508026e+02 1.37192566e+02</data></image_points>
<grid_points>
  0. 0. 0. 2.42299996e-02 0. 0. 4.84599993e-02 0. 0. 7.26899952e-02 0.
  0. 9.69199985e-02 0. 0. 1.21150002e-01 0. 0. 1.45379990e-01 0. 0.
  1.69609994e-01 0. 0. 1.93839997e-01 0. 0. 0. 2.42299996e-02 0.
  2.42299996e-02 2.42299996e-02 0. 4.84599993e-02 2.42299996e-02 0.
  7.26899952e-02 2.42299996e-02 0. 9.69199985e-02 2.42299996e-02 0.
  1.21150002e-01 2.42299996e-02 0. 1.45379990e-01 2.42299996e-02 0.
  1.69609994e-01 2.42299996e-02 0. 1.93839997e-01 2.42299996e-02 0. 0.
  4.84599993e-02 0. 2.42299996e-02 4.84599993e-02 0. 4.84599993e-02
  4.84599993e-02 0. 7.26899952e-02 4.84599993e-02 0. 9.69199985e-02
  4.84599993e-02 0. 1.21150002e-01 4.84599993e-02 0. 1.45379990e-01
  4.84599993e-02 0. 1.69609994e-01 4.84599993e-02 0. 1.93839997e-01
  4.84599993e-02 0. 0. 7.26899952e-02 0. 2.42299996e-02 7.26899952e-02
  0. 4.84599993e-02 7.26899952e-02 0. 7.26899952e-02 7.26899952e-02 0.
  9.69199985e-02 7.26899952e-02 0. 1.21150002e-01 7.26899952e-02 0.
  1.45379990e-01 7.26899952e-02 0. 1.69609994e-01 7.26899952e-02 0.
  1.93839997e-01 7.26899952e-02 0. 0. 9.69199985e-02 0. 2.42299996e-02
  9.69199985e-02 0. 4.84599993e-02 9.69199985e-02 0. 7.26899952e-02
  9.69199985e-02 0. 9.69199985e-02 9.69199985e-02 0. 1.21150002e-01
  9.69199985e-02 0. 1.45379990e-01 9.69199985e-02 0. 1.69609994e-01
  9.69199985e-02 0. 1.93839997e-01 9.69199985e-02 0. 0. 1.21150002e-01
  0. 2.42299996e-02 1.21150002e-01 0. 4.84599993e-02 1.21150002e-01 0.
  7.26899952e-02 1.21150002e-01 0. 9.69199985e-02 1.21150002e-01 0.
  1.21150002e-01 1.21150002e-01 0. 1.45379990e-01 1.21150002e-01 0.
  1.69609994e-01 1.21150002e-01 0. 1.93839997e-01 1.21150002e-01 0.</grid_points>
</opencv_storage>
