<?xml version="1.0"?>
<opencv_storage>
<calibration_time>"Thu 19 Jan 2023 10:57:47 PM CST"</calibration_time>
<nr_of_frames>2</nr_of_frames>
<image_width>1024</image_width>
<image_height>576</image_height>
<board_width>11</board_width>
<board_height>7</board_height>
<square_size>30.</square_size>
<fix_aspect_ratio>1.</fix_aspect_ratio>
<!-- flags: +use_intrinsic_guess +fix_aspectRatio +fix_principal_point +zero_tangent_dist +fix_k1 +fix_k2 +fix_k3 +fix_k4 +fix_k5 -->
<flags>6383</flags>
<fisheye_model>0</fisheye_model>
<camera_matrix type_id="opencv-matrix">
  <rows>3</rows>
  <cols>3</cols>
  <dt>d</dt>
  <data>
    1.0000000000000420e+00 0. 0. 0. 1.0000000000000420e+00 0. 0. 0. 1.</data></camera_matrix>
<distortion_coefficients type_id="opencv-matrix">
  <rows>5</rows>
  <cols>1</cols>
  <dt>d</dt>
  <data>
    0. 0. 0. 0. 0.</data></distortion_coefficients>
<avg_reprojection_error>9.5624229369163927e-01</avg_reprojection_error>
<per_view_reprojection_errors type_id="opencv-matrix">
  <rows>2</rows>
  <cols>1</cols>
  <dt>f</dt>
  <data>
    1.10388672e+00 7.81173944e-01</data></per_view_reprojection_errors>
<!-- a set of 6-tuples (rotation vector + translation vector) for each view -->
<extrinsic_parameters type_id="opencv-matrix">
  <rows>2</rows>
  <cols>6</cols>
  <dt>d</dt>
  <data>
    -4.8935325619132655e-06 -2.7055196782887034e-05
    2.8594099673140968e-02 1.1641363305322095e+02 8.9921164246245425e+01
    7.3820076262912304e-01 -9.1249383791972232e-06
    -2.4817792665340192e-05 -2.1159576954683343e-01
    1.2575895845721554e+02 1.4048780904454583e+02 7.3715548685101495e-01</data></extrinsic_parameters>
<image_points type_id="opencv-matrix">
  <rows>2</rows>
  <cols>77</cols>
  <dt>"2f"</dt>
  <data>
    1.60976028e+02 1.23443626e+02 2.00393814e+02 1.24032776e+02
    2.39582855e+02 1.24712059e+02 2.79165985e+02 1.25429573e+02
    3.18690460e+02 1.26354836e+02 3.58538147e+02 1.26605324e+02
    3.98461853e+02 1.27643379e+02 4.38367401e+02 1.28215118e+02
    4.78303528e+02 1.29106491e+02 5.18212830e+02 1.29663315e+02
    5.58047913e+02 1.30594070e+02 1.59414642e+02 1.63454849e+02
    1.98552872e+02 1.64037964e+02 2.38063995e+02 1.64717377e+02
    2.77635345e+02 1.65606720e+02 3.17426697e+02 1.66404068e+02
    3.57350555e+02 1.66980927e+02 3.97308777e+02 1.67981644e+02
    4.37334412e+02 1.68461945e+02 4.77308228e+02 1.69511429e+02
    5.17296875e+02 1.69998993e+02 5.57233032e+02 1.71203079e+02
    1.57427048e+02 2.03704529e+02 1.96930893e+02 2.04397446e+02
    2.36495392e+02 2.05130096e+02 2.76275909e+02 2.06132935e+02
    3.16182587e+02 2.06604095e+02 3.56130981e+02 2.07597137e+02
    3.96125305e+02 2.08232300e+02 4.36266052e+02 2.09313126e+02
    4.76298798e+02 2.09668930e+02 5.16349792e+02 2.10981659e+02
    5.56342529e+02 2.11370529e+02 1.55707825e+02 2.43883957e+02
    1.95318161e+02 2.44704269e+02 2.34871384e+02 2.45509094e+02
    2.74746124e+02 2.46368607e+02 3.14771454e+02 2.47062393e+02
    3.54716614e+02 2.47849121e+02 3.94931824e+02 2.48849945e+02
    4.35155365e+02 2.49531448e+02 4.75307983e+02 2.50484543e+02
    5.15380737e+02 2.51269470e+02 5.55447205e+02 2.52146744e+02
    1.54222305e+02 2.84480194e+02 1.93627899e+02 2.85251190e+02
    2.33445450e+02 2.86141541e+02 2.73364441e+02 2.86920227e+02
    3.13497070e+02 2.87752075e+02 3.53574127e+02 2.88674866e+02
    3.93743958e+02 2.89519592e+02 4.34055389e+02 2.90321472e+02
    4.74275879e+02 2.91170471e+02 5.14375549e+02 2.92130249e+02
    5.54523315e+02 2.92622803e+02 1.52388367e+02 3.25094940e+02
    1.92288773e+02 3.26098450e+02 2.31965408e+02 3.26899048e+02
    2.72059937e+02 3.27768280e+02 3.12242584e+02 3.28649384e+02
    3.52423889e+02 3.29481598e+02 3.92613434e+02 3.30486572e+02
    4.32862274e+02 3.31163361e+02 4.73295837e+02 3.32322083e+02
    5.13421814e+02 3.32678711e+02 5.53615845e+02 3.33892914e+02
    1.50643433e+02 3.66068451e+02 1.90700516e+02 3.66899323e+02
    2.30441071e+02 3.67730927e+02 2.70611481e+02 3.68848175e+02
    3.10882172e+02 3.69536804e+02 3.51235046e+02 3.70618042e+02
    3.91467529e+02 3.71337738e+02 4.31763824e+02 3.72504974e+02
    4.72236359e+02 3.73069489e+02 5.12498291e+02 3.74178009e+02
    5.52746155e+02 3.74719971e+02 1.73169769e+02 1.91316025e+02
    2.12144791e+02 1.82478256e+02 2.50759155e+02 1.73729523e+02
    2.89700500e+02 1.65025726e+02 3.28567444e+02 1.56259598e+02
    3.67568542e+02 1.47332672e+02 4.06576752e+02 1.38555557e+02
    4.45580475e+02 1.29626160e+02 4.84545532e+02 1.20822578e+02
    5.23507385e+02 1.12220772e+02 5.62373169e+02 1.03388733e+02
    1.81287918e+02 2.30694397e+02 2.19934952e+02 2.21887695e+02
    2.58985565e+02 2.13080215e+02 2.97817627e+02 2.04434921e+02
    3.36971619e+02 1.95468124e+02 3.75988373e+02 1.86719894e+02
    4.15167847e+02 1.77877762e+02 4.54255402e+02 1.69058624e+02
    4.93288055e+02 1.60254852e+02 5.32309021e+02 1.51490173e+02
    5.71194397e+02 1.42621994e+02 1.89040344e+02 2.70452789e+02
    2.28173431e+02 2.61487854e+02 2.67041809e+02 2.52752945e+02
    3.06248993e+02 2.43914871e+02 3.45342468e+02 2.35144730e+02
    3.84491852e+02 2.26334381e+02 4.23603638e+02 2.17484909e+02
    4.62793488e+02 2.08595795e+02 5.01911713e+02 1.99837708e+02
    5.41071777e+02 1.91065582e+02 5.80049561e+02 1.82273026e+02
    1.97072174e+02 3.09955963e+02 2.36133652e+02 3.01208191e+02
    2.75318604e+02 2.92325592e+02 3.14456635e+02 2.83535034e+02
    3.53715485e+02 2.74619629e+02 3.92771942e+02 2.65804535e+02
    4.32255951e+02 2.56958923e+02 4.71420502e+02 2.48159821e+02
    5.10621277e+02 2.39404541e+02 5.49664551e+02 2.30531158e+02
    5.88778015e+02 2.21657059e+02 2.05234238e+02 3.49767334e+02
    2.44330032e+02 3.41012726e+02 2.83518219e+02 3.32211182e+02
    3.22744385e+02 3.23346893e+02 3.62171143e+02 3.14538208e+02
    4.01481445e+02 3.05617706e+02 4.40800262e+02 2.96789154e+02
    4.80174744e+02 2.87882507e+02 5.19401245e+02 2.79078979e+02
    5.58541138e+02 2.70279358e+02 5.97631348e+02 2.61327209e+02
    2.13290985e+02 3.89851807e+02 2.52606674e+02 3.81185974e+02
    2.91864899e+02 3.72264008e+02 3.31251709e+02 3.63389160e+02
    3.70664490e+02 3.54500824e+02 4.10071045e+02 3.45644287e+02
    4.49493408e+02 3.36727631e+02 4.88787384e+02 3.27892212e+02
    5.28237671e+02 3.19063324e+02 5.67431335e+02 3.10244690e+02
    6.06605713e+02 3.01284363e+02 2.21407639e+02 4.30207977e+02
    2.60965057e+02 4.21317810e+02 3.00206940e+02 4.12449982e+02
    3.39717377e+02 4.03539276e+02 3.79291748e+02 3.94620392e+02
    4.18662872e+02 3.85735992e+02 4.58207733e+02 3.76825531e+02
    4.97549286e+02 3.67994324e+02 5.37016724e+02 3.59122833e+02
    5.76307190e+02 3.50161407e+02 6.15593811e+02 3.41254883e+02</data></image_points>
<grid_points>
  0. 0. 0. 30. 0. 0. 60. 0. 0. 90. 0. 0. 120. 0. 0. 150. 0. 0. 180. 0.
  0. 210. 0. 0. 240. 0. 0. 270. 0. 0. 300. 0. 0. 0. 30. 0. 30. 30. 0.
  60. 30. 0. 90. 30. 0. 120. 30. 0. 150. 30. 0. 180. 30. 0. 210. 30. 0.
  240. 30. 0. 270. 30. 0. 300. 30. 0. 0. 60. 0. 30. 60. 0. 60. 60. 0.
  90. 60. 0. 120. 60. 0. 150. 60. 0. 180. 60. 0. 210. 60. 0. 240. 60. 0.
  270. 60. 0. 300. 60. 0. 0. 90. 0. 30. 90. 0. 60. 90. 0. 90. 90. 0.
  120. 90. 0. 150. 90. 0. 180. 90. 0. 210. 90. 0. 240. 90. 0. 270. 90.
  0. 300. 90. 0. 0. 120. 0. 30. 120. 0. 60. 120. 0. 90. 120. 0. 120.
  120. 0. 150. 120. 0. 180. 120. 0. 210. 120. 0. 240. 120. 0. 270. 120.
  0. 300. 120. 0. 0. 150. 0. 30. 150. 0. 60. 150. 0. 90. 150. 0. 120.
  150. 0. 150. 150. 0. 180. 150. 0. 210. 150. 0. 240. 150. 0. 270. 150.
  0. 300. 150. 0. 0. 180. 0. 30. 180. 0. 60. 180. 0. 90. 180. 0. 120.
  180. 0. 150. 180. 0. 180. 180. 0. 210. 180. 0. 240. 180. 0. 270. 180.
  0. 300. 180. 0.</grid_points>
</opencv_storage>
