<?xml version="1.0"?>
<opencv_storage>
<calibration_time>"Mon 06 Feb 2023 12:02:32 AM CST"</calibration_time>
<nr_of_frames>2</nr_of_frames>
<image_width>270</image_width>
<image_height>180</image_height>
<board_width>9</board_width>
<board_height>6</board_height>
<square_size>2.4229999631643295e-02</square_size>
<fix_aspect_ratio>1.</fix_aspect_ratio>
<!-- flags: +fix_aspectRatio +fix_principal_point +zero_tangent_dist +fix_k1 +fix_k2 +fix_k3 +fix_k4 +fix_k5 -->
<flags>6382</flags>
<fisheye_model>0</fisheye_model>
<camera_matrix type_id="opencv-matrix">
  <rows>3</rows>
  <cols>3</cols>
  <dt>d</dt>
  <data>
    2.8005310764463258e+02 0. 1.3450000000000000e+02 0.
    2.8005310764463258e+02 8.9500000000000000e+01 0. 0. 1.</data></camera_matrix>
<distortion_coefficients type_id="opencv-matrix">
  <rows>5</rows>
  <cols>1</cols>
  <dt>d</dt>
  <data>
    0. 0. 0. 0. 0.</data></distortion_coefficients>
<avg_reprojection_error>5.0023976043964264e+00</avg_reprojection_error>
<per_view_reprojection_errors type_id="opencv-matrix">
  <rows>2</rows>
  <cols>1</cols>
  <dt>f</dt>
  <data>
    2.69757962e+00 6.53995609e+00</data></per_view_reprojection_errors>
<!-- a set of 6-tuples (rotation vector + translation vector) for each view -->
<extrinsic_parameters type_id="opencv-matrix">
  <rows>2</rows>
  <cols>6</cols>
  <dt>d</dt>
  <data>
    -2.1353347712352480e-01 3.3825373996928648e-01
    -1.0779435447051188e-02 -4.9654362833857948e-02
    -4.5986125653956073e-02 4.7562380161529122e-01
    -2.5156134114105827e-01 -6.3130552765953163e-01
    -9.8463044942794006e-03 -6.4678295423404794e-02
    -3.6519545477218598e-02 4.6622602051478268e-01</data></extrinsic_parameters>
<image_points type_id="opencv-matrix">
  <rows>2</rows>
  <cols>54</cols>
  <dt>"2f"</dt>
  <data>
    1.07181984e+02 6.02538261e+01 1.17609718e+02 6.22718201e+01
    1.30136734e+02 5.77795982e+01 1.48286972e+02 6.03297462e+01
    1.61587204e+02 5.86516571e+01 1.75534592e+02 5.73687439e+01
    1.90409851e+02 5.58271255e+01 2.05265320e+02 5.45493546e+01
    2.20979202e+02 5.32165489e+01 1.15868279e+02 7.05236435e+01
    1.15868225e+02 7.05236053e+01 1.28429916e+02 7.46513672e+01
    1.47536545e+02 7.35286484e+01 1.61519653e+02 7.25079193e+01
    1.75683258e+02 7.14204102e+01 1.90878265e+02 7.01336288e+01
    2.06548889e+02 6.88162155e+01 2.22742233e+02 6.76892624e+01
    1.04564415e+02 9.03039627e+01 1.13828751e+02 8.93769684e+01
    1.33336716e+02 8.84922180e+01 1.47202164e+02 8.76405487e+01
    1.61414642e+02 8.68911438e+01 1.76348618e+02 8.60911026e+01
    1.91654282e+02 8.53061676e+01 2.07873840e+02 8.42680511e+01
    2.24782028e+02 8.32599030e+01 1.05516319e+02 1.04367012e+02
    1.11592300e+02 1.03875595e+02 1.32163330e+02 1.03362045e+02
    1.46535355e+02 1.02799179e+02 1.61142548e+02 1.02404335e+02
    1.76467789e+02 1.01834641e+02 1.92511505e+02 1.01334892e+02
    2.09404633e+02 1.00657120e+02 2.26969360e+02 1.00116104e+02
    1.00675049e+02 1.19924065e+02 1.16922394e+02 1.19523712e+02
    1.31039017e+02 1.19361046e+02 1.45463959e+02 1.19032547e+02
    1.60805038e+02 1.18790955e+02 1.76645294e+02 1.18620689e+02
    1.93581207e+02 1.18475601e+02 2.11009308e+02 1.18387772e+02
    2.29356644e+02 1.18130096e+02 1.00905693e+02 1.36318329e+02
    1.15100868e+02 1.36314240e+02 1.29585373e+02 1.36296371e+02
    1.44661652e+02 1.36366837e+02 1.60463669e+02 1.36565231e+02
    1.77353119e+02 1.36829224e+02 1.94570251e+02 1.37031967e+02
    2.12839340e+02 1.37396896e+02 2.31793091e+02 1.37561813e+02
    1.02914444e+02 7.84034424e+01 1.15272644e+02 6.92045364e+01
    1.26325058e+02 8.03674469e+01 1.25766151e+02 7.28097229e+01
    1.36578995e+02 8.12050171e+01 1.46951447e+02 7.37165985e+01
    1.58459137e+02 8.24457626e+01 1.68488068e+02 7.55614929e+01
    1.79282425e+02 8.45220490e+01 1.02914375e+02 7.84034424e+01
    1.02914856e+02 7.84034958e+01 1.26325027e+02 8.03675842e+01
    1.26325035e+02 8.03675461e+01 1.36579010e+02 8.12052841e+01
    1.47099976e+02 8.18489685e+01 1.69249100e+02 8.34898453e+01
    1.69249115e+02 8.34898682e+01 1.79282440e+02 8.45221558e+01
    1.02641991e+02 9.73851929e+01 1.14522163e+02 9.81276398e+01
    1.26311752e+02 9.24579315e+01 1.26311752e+02 9.24579468e+01
    1.48002197e+02 9.34948502e+01 1.59145020e+02 9.48651428e+01
    1.70080811e+02 9.52963638e+01 1.70081223e+02 9.52966003e+01
    1.80351013e+02 9.61245422e+01 1.01553703e+02 1.10978088e+02
    1.12912613e+02 1.11620956e+02 1.26161522e+02 1.12150810e+02
    1.38225281e+02 1.12886131e+02 1.48652359e+02 1.13200912e+02
    1.48652481e+02 1.13200897e+02 1.71020203e+02 1.14228745e+02
    1.70493057e+02 1.07772354e+02 1.81935028e+02 1.07608444e+02
    9.44965515e+01 1.25317696e+02 1.13342094e+02 1.25734398e+02
    1.13342293e+02 1.25734398e+02 1.38227921e+02 1.26426338e+02
    1.38227921e+02 1.26426323e+02 1.61036163e+02 1.27479187e+02
    1.61036499e+02 1.27479218e+02 1.83309265e+02 1.28422775e+02
    1.83309326e+02 1.28422775e+02 9.36905289e+01 1.40322342e+02
    1.06707481e+02 1.40468094e+02 1.19238152e+02 1.40621536e+02
    1.39420227e+02 1.41049332e+02 1.49998108e+02 1.41346603e+02
    1.62235779e+02 1.41687622e+02 1.73337540e+02 1.41786240e+02
    1.84856934e+02 1.42475952e+02 1.84857117e+02 1.42475922e+02</data></image_points>
<grid_points>
  0. 0. 0. 2.42299996e-02 0. 0. 4.84599993e-02 0. 0. 7.26899952e-02 0.
  0. 9.69199985e-02 0. 0. 1.21150002e-01 0. 0. 1.45379990e-01 0. 0.
  1.69609994e-01 0. 0. 1.93839997e-01 0. 0. 0. 2.42299996e-02 0.
  2.42299996e-02 2.42299996e-02 0. 4.84599993e-02 2.42299996e-02 0.
  7.26899952e-02 2.42299996e-02 0. 9.69199985e-02 2.42299996e-02 0.
  1.21150002e-01 2.42299996e-02 0. 1.45379990e-01 2.42299996e-02 0.
  1.69609994e-01 2.42299996e-02 0. 1.93839997e-01 2.42299996e-02 0. 0.
  4.84599993e-02 0. 2.42299996e-02 4.84599993e-02 0. 4.84599993e-02
  4.84599993e-02 0. 7.26899952e-02 4.84599993e-02 0. 9.69199985e-02
  4.84599993e-02 0. 1.21150002e-01 4.84599993e-02 0. 1.45379990e-01
  4.84599993e-02 0. 1.69609994e-01 4.84599993e-02 0. 1.93839997e-01
  4.84599993e-02 0. 0. 7.26899952e-02 0. 2.42299996e-02 7.26899952e-02
  0. 4.84599993e-02 7.26899952e-02 0. 7.26899952e-02 7.26899952e-02 0.
  9.69199985e-02 7.26899952e-02 0. 1.21150002e-01 7.26899952e-02 0.
  1.45379990e-01 7.26899952e-02 0. 1.69609994e-01 7.26899952e-02 0.
  1.93839997e-01 7.26899952e-02 0. 0. 9.69199985e-02 0. 2.42299996e-02
  9.69199985e-02 0. 4.84599993e-02 9.69199985e-02 0. 7.26899952e-02
  9.69199985e-02 0. 9.69199985e-02 9.69199985e-02 0. 1.21150002e-01
  9.69199985e-02 0. 1.45379990e-01 9.69199985e-02 0. 1.69609994e-01
  9.69199985e-02 0. 1.93839997e-01 9.69199985e-02 0. 0. 1.21150002e-01
  0. 2.42299996e-02 1.21150002e-01 0. 4.84599993e-02 1.21150002e-01 0.
  7.26899952e-02 1.21150002e-01 0. 9.69199985e-02 1.21150002e-01 0.
  1.21150002e-01 1.21150002e-01 0. 1.45379990e-01 1.21150002e-01 0.
  1.69609994e-01 1.21150002e-01 0. 1.93839997e-01 1.21150002e-01 0.</grid_points>
</opencv_storage>
