<?xml version="1.0"?>
<opencv_storage>
<calibration_time>"Sun 05 Feb 2023 08:53:21 PM CST"</calibration_time>
<nr_of_frames>2</nr_of_frames>
<image_width>640</image_width>
<image_height>480</image_height>
<board_width>9</board_width>
<board_height>6</board_height>
<square_size>2.1999999880790710e-02</square_size>
<fix_aspect_ratio>1.</fix_aspect_ratio>
<!-- flags: +fix_aspectRatio +fix_principal_point +zero_tangent_dist +fix_k1 +fix_k2 +fix_k3 +fix_k4 +fix_k5 -->
<flags>6382</flags>
<fisheye_model>0</fisheye_model>
<camera_matrix type_id="opencv-matrix">
  <rows>3</rows>
  <cols>3</cols>
  <dt>d</dt>
  <data>
    8.1932476587718179e+02 0. 3.1950000000000000e+02 0.
    8.1932476587718179e+02 2.3950000000000000e+02 0. 0. 1.</data></camera_matrix>
<distortion_coefficients type_id="opencv-matrix">
  <rows>5</rows>
  <cols>1</cols>
  <dt>d</dt>
  <data>
    0. 0. 0. 0. 0.</data></distortion_coefficients>
<avg_reprojection_error>1.4893031023301079e-01</avg_reprojection_error>
<per_view_reprojection_errors type_id="opencv-matrix">
  <rows>2</rows>
  <cols>1</cols>
  <dt>f</dt>
  <data>
    1.30795524e-01 1.65084839e-01</data></per_view_reprojection_errors>
<!-- a set of 6-tuples (rotation vector + translation vector) for each view -->
<extrinsic_parameters type_id="opencv-matrix">
  <rows>2</rows>
  <cols>6</cols>
  <dt>d</dt>
  <data>
    9.1813991773270071e-02 1.4670591357188770e-01
    -5.1428481357839164e-03 -3.9674738552445958e-02
    -6.4832974090487478e-04 6.8484984344549227e-01
    9.6451431707053031e-02 2.7884725822833606e-01
    -3.5571227457036419e-03 -9.0029198076209960e-03
    -9.4104458044199590e-02 6.7675710835129543e-01</data></extrinsic_parameters>
<image_points type_id="opencv-matrix">
  <rows>2</rows>
  <cols>54</cols>
  <dt>"2f"</dt>
  <data>
    2.72030365e+02 2.38758850e+02 2.97838257e+02 2.38766663e+02
    3.24161926e+02 2.38778381e+02 3.50575806e+02 2.38770950e+02
    3.77360291e+02 2.38780029e+02 4.04311249e+02 2.38787231e+02
    4.31564209e+02 2.38793442e+02 4.58967834e+02 2.38843628e+02
    4.86655701e+02 2.38860641e+02 2.72510498e+02 2.64899475e+02
    2.98380890e+02 2.65133911e+02 3.24418091e+02 2.65260223e+02
    3.50785339e+02 2.65375977e+02 3.77440582e+02 2.65531677e+02
    4.04316040e+02 2.65636810e+02 4.31445404e+02 2.65768188e+02
    4.58842041e+02 2.65916687e+02 4.86549805e+02 2.66147308e+02
    2.73113708e+02 2.90827698e+02 2.98622406e+02 2.91236633e+02
    3.24643890e+02 2.91462097e+02 3.51079865e+02 2.91678802e+02
    3.77498901e+02 2.92003601e+02 4.04454224e+02 2.92309906e+02
    4.31410187e+02 2.92551086e+02 4.58645599e+02 2.92775299e+02
    4.86325623e+02 2.93171265e+02 2.73486603e+02 3.16722748e+02
    2.99156067e+02 3.17270050e+02 3.24914581e+02 3.17577209e+02
    3.51342377e+02 3.17954773e+02 3.77609314e+02 3.18428314e+02
    4.04388306e+02 3.18729706e+02 4.31419983e+02 3.19341675e+02
    4.58533295e+02 3.19607330e+02 4.85952087e+02 3.20076263e+02
    2.73919861e+02 3.42406830e+02 2.99466644e+02 3.42884918e+02
    3.25361847e+02 3.43476044e+02 3.51490601e+02 3.43983429e+02
    3.77766296e+02 3.44531067e+02 4.04372253e+02 3.45131409e+02
    4.31393890e+02 3.45586273e+02 4.58423737e+02 3.46268158e+02
    4.85715729e+02 3.46628601e+02 2.74469666e+02 3.67688232e+02
    2.99784515e+02 3.68459839e+02 3.25565155e+02 3.69239960e+02
    3.51622040e+02 3.69714447e+02 3.77828735e+02 3.70487946e+02
    4.04387482e+02 3.71101715e+02 4.31340057e+02 3.71655579e+02
    4.58287872e+02 3.72477753e+02 4.85485321e+02 3.73232269e+02
    3.08514679e+02 1.25567200e+02 3.34317200e+02 1.24724678e+02
    3.60490143e+02 1.24016716e+02 3.87314209e+02 1.23286972e+02
    4.14514282e+02 1.22381508e+02 4.42280060e+02 1.21480240e+02
    4.70533417e+02 1.20590782e+02 4.99229736e+02 1.19755043e+02
    5.28488464e+02 1.18860474e+02 3.08984100e+02 1.52379044e+02
    3.34676422e+02 1.51705856e+02 3.60661102e+02 1.51324524e+02
    3.87631653e+02 1.50639526e+02 4.14583252e+02 1.50260513e+02
    4.42372681e+02 1.49623398e+02 4.70436188e+02 1.49092926e+02
    4.99092102e+02 1.48467163e+02 5.28185913e+02 1.47799393e+02
    3.09543915e+02 1.78957642e+02 3.35189056e+02 1.78617172e+02
    3.61271912e+02 1.78414780e+02 3.87674988e+02 1.78057938e+02
    4.14778503e+02 1.77724915e+02 4.42293793e+02 1.77501068e+02
    4.70463043e+02 1.77295486e+02 4.98723297e+02 1.76806671e+02
    5.27808289e+02 1.76474747e+02 3.10143036e+02 2.05545105e+02
    3.35557953e+02 2.05504654e+02 3.61487457e+02 2.05467651e+02
    3.88104614e+02 2.05436630e+02 4.14863495e+02 2.05379044e+02
    4.42376251e+02 2.05358902e+02 4.70459442e+02 2.05228470e+02
    4.98578003e+02 2.05068237e+02 5.27571838e+02 2.05007507e+02
    3.10556854e+02 2.31740005e+02 3.35917358e+02 2.31948715e+02
    3.61783844e+02 2.32265167e+02 3.88333130e+02 2.32428879e+02
    4.15140289e+02 2.32572113e+02 4.42353577e+02 2.32660812e+02
    4.70336761e+02 2.33190735e+02 4.98505371e+02 2.33232407e+02
    5.27365295e+02 2.33410995e+02 3.11080231e+02 2.57879181e+02
    3.36401337e+02 2.58356934e+02 3.62195496e+02 2.58646515e+02
    3.88531555e+02 2.59198425e+02 4.15257812e+02 2.59539459e+02
    4.42417725e+02 2.60033813e+02 4.70195557e+02 2.60430450e+02
    4.98260162e+02 2.60868866e+02 5.26874329e+02 2.61429932e+02</data></image_points>
<grid_points>
  0. 0. 0. 2.19999999e-02 0. 0. 4.39999998e-02 0. 0. 6.59999996e-02 0.
  0. 8.79999995e-02 0. 0. 1.09999999e-01 0. 0. 1.31999999e-01 0. 0.
  1.53999999e-01 0. 0. 1.75999999e-01 0. 0. 0. 2.19999999e-02 0.
  2.19999999e-02 2.19999999e-02 0. 4.39999998e-02 2.19999999e-02 0.
  6.59999996e-02 2.19999999e-02 0. 8.79999995e-02 2.19999999e-02 0.
  1.09999999e-01 2.19999999e-02 0. 1.31999999e-01 2.19999999e-02 0.
  1.53999999e-01 2.19999999e-02 0. 1.75999999e-01 2.19999999e-02 0. 0.
  4.39999998e-02 0. 2.19999999e-02 4.39999998e-02 0. 4.39999998e-02
  4.39999998e-02 0. 6.59999996e-02 4.39999998e-02 0. 8.79999995e-02
  4.39999998e-02 0. 1.09999999e-01 4.39999998e-02 0. 1.31999999e-01
  4.39999998e-02 0. 1.53999999e-01 4.39999998e-02 0. 1.75999999e-01
  4.39999998e-02 0. 0. 6.59999996e-02 0. 2.19999999e-02 6.59999996e-02
  0. 4.39999998e-02 6.59999996e-02 0. 6.59999996e-02 6.59999996e-02 0.
  8.79999995e-02 6.59999996e-02 0. 1.09999999e-01 6.59999996e-02 0.
  1.31999999e-01 6.59999996e-02 0. 1.53999999e-01 6.59999996e-02 0.
  1.75999999e-01 6.59999996e-02 0. 0. 8.79999995e-02 0. 2.19999999e-02
  8.79999995e-02 0. 4.39999998e-02 8.79999995e-02 0. 6.59999996e-02
  8.79999995e-02 0. 8.79999995e-02 8.79999995e-02 0. 1.09999999e-01
  8.79999995e-02 0. 1.31999999e-01 8.79999995e-02 0. 1.53999999e-01
  8.79999995e-02 0. 1.75999999e-01 8.79999995e-02 0. 0. 1.09999999e-01
  0. 2.19999999e-02 1.09999999e-01 0. 4.39999998e-02 1.09999999e-01 0.
  6.59999996e-02 1.09999999e-01 0. 8.79999995e-02 1.09999999e-01 0.
  1.09999999e-01 1.09999999e-01 0. 1.31999999e-01 1.09999999e-01 0.
  1.53999999e-01 1.09999999e-01 0. 1.75999999e-01 1.09999999e-01 0.</grid_points>
</opencv_storage>
